0, 1, 6450
0, 2, 10911
0, 3, 269
0, 4, 6684
0, 5, 419
0, 6, 7073
0, 7, 6752
0, 8, 630
0, 9, 7257
0, 10, 7202
0, 11, 6716
0, 12, 7184
0, 13, 7178
0, 14, 6337
0, 15, 6566
0, 16, 2743
0, 17, 6700
0, 18, 7128
0, 19, 5666
0, 20, 5048
0, 21, 6315
0, 22, 1566
0, 23, 10681
0, 24, 6337
0, 25, 3258
0, 26, 1257
0, 27, 6127
0, 28, 6900
0, 29, 7217
0, 30, 1911
0, 31, 3669
0, 32, 4612
0, 33, 7129
0, 34, 5593
0, 35, 7531
0, 36, 7584
0, 37, 3911
0, 38, 7721
0, 39, 3443
0, 40, 3298
0, 41, 1380
0, 42, 5069
0, 43, 6781
0, 44, 3078
0, 45, 4954
0, 46, 6743
0, 47, 6252
0, 48, 3061
0, 49, 4694
0, 50, 645
0, 51, 7321
0, 52, 6843
0, 53, 6343
0, 54, 5377
0, 55, 7628
0, 56, 6878
0, 57, 6041
0, 58, 1786
0, 59, 2889
0, 60, 6432
0, 61, 1581
0, 62, 6802
0, 63, 1546
0, 64, 5745
0, 65, 5666
0, 66, 1363
0, 67, 829
0, 68, 6546
0, 69, 6546
0, 70, 7724
0, 71, 1065
0, 72, 6351
0, 73, 7293
0, 74, 981
0, 75, 7058
0, 76, 7430
0, 77, 803
0, 78, 6871
0, 79, 5024
0, 80, 6527
0, 81, 1708
0, 82, 6566
0, 83, 7292
0, 84, 7235
0, 85, 6569
0, 86, 760
0, 87, 6858
0, 88, 4921
0, 89, 10917
0, 90, 6725
1, 2, 7115
1, 3, 6741
1, 4, 359
1, 5, 6890
1, 6, 1019
1, 7, 1203
1, 8, 7101
1, 9, 3462
1, 10, 3406
1, 11, 328
1, 12, 3388
1, 13, 3382
1, 14, 721
1, 15, 116
1, 16, 3154
1, 17, 250
1, 18, 3333
1, 19, 1871
1, 20, 2396
1, 21, 1332
1, 22, 4172
1, 23, 6886
1, 24, 1353
1, 25, 2740
1, 26, 7728
1, 27, 323
1, 28, 450
1, 29, 1567
1, 30, 4965
1, 31, 2069
1, 32, 2832
1, 33, 3334
1, 34, 1851
1, 35, 3736
1, 36, 1131
1, 37, 1882
1, 38, 1268
1, 39, 3022
1, 40, 3057
1, 41, 7851
1, 42, 794
1, 43, 608
1, 44, 3819
1, 45, 1433
1, 46, 1129
1, 47, 1160
1, 48, 3453
1, 49, 1099
1, 50, 7116
1, 51, 3525
1, 52, 1230
1, 53, 1069
1, 54, 2066
1, 55, 3833
1, 56, 1265
1, 57, 1104
1, 58, 4685
1, 59, 3630
1, 60, 980
1, 61, 4890
1, 62, 3006
1, 63, 4925
1, 64, 705
1, 65, 784
1, 66, 5108
1, 67, 7300
1, 68, 1410
1, 69, 1410
1, 70, 3928
1, 71, 5407
1, 72, 99
1, 73, 3497
1, 74, 5623
1, 75, 885
1, 76, 3634
1, 77, 7275
1, 78, 1107
1, 79, 3634
1, 80, 763
1, 81, 4763
1, 82, 2770
1, 83, 1642
1, 84, 3440
1, 85, 576
1, 86, 7231
1, 87, 684
1, 88, 3530
1, 89, 7122
1, 90, 961
2, 3, 11180
2, 4, 7349
2, 5, 11329
2, 6, 7979
2, 7, 6918
2, 8, 11541
2, 9, 5749
2, 10, 5693
2, 11, 7381
2, 12, 5675
2, 13, 5669
2, 14, 7883
2, 15, 7231
2, 16, 8327
2, 17, 7365
2, 18, 5620
2, 19, 5244
2, 20, 5863
2, 21, 5986
2, 22, 9345
2, 23, 229
2, 24, 6008
2, 25, 7757
2, 26, 12167
2, 27, 6792
2, 28, 7565
2, 29, 5688
2, 30, 10059
2, 31, 8384
2, 32, 6299
2, 33, 5621
2, 34, 5318
2, 35, 6023
2, 36, 7750
2, 37, 7128
2, 38, 7887
2, 39, 8347
2, 40, 8382
2, 41, 12291
2, 42, 6610
2, 43, 7514
2, 44, 9145
2, 45, 7250
2, 46, 8289
2, 47, 7799
2, 48, 8778
2, 49, 6916
2, 50, 11555
2, 51, 5812
2, 52, 8390
2, 53, 7889
2, 54, 5533
2, 55, 6120
2, 56, 8424
2, 57, 7587
2, 58, 11001
2, 59, 8956
2, 60, 7978
2, 61, 11206
2, 62, 5293
2, 63, 11240
2, 64, 7021
2, 65, 7099
2, 66, 11423
2, 67, 11739
2, 68, 6712
2, 69, 6712
2, 70, 6215
2, 71, 10534
2, 72, 7016
2, 73, 5784
2, 74, 10451
2, 75, 7844
2, 76, 5921
2, 77, 11714
2, 78, 8181
2, 79, 9949
2, 80, 7878
2, 81, 11078
2, 82, 5057
2, 83, 5907
2, 84, 5727
2, 85, 7691
2, 86, 11671
2, 87, 7644
2, 88, 9846
2, 89, 7
2, 90, 8076
3, 4, 6954
3, 5, 473
3, 6, 7343
3, 7, 7022
3, 8, 684
3, 9, 7527
3, 10, 7471
3, 11, 6985
3, 12, 7453
3, 13, 7448
3, 14, 6606
3, 15, 6836
3, 16, 3013
3, 17, 6970
3, 18, 7398
3, 19, 5936
3, 20, 5317
3, 21, 6584
3, 22, 1835
3, 23, 10951
3, 24, 6606
3, 25, 3528
3, 26, 1178
3, 27, 6397
3, 28, 7170
3, 29, 7486
3, 30, 2180
3, 31, 3938
3, 32, 4881
3, 33, 7399
3, 34, 5862
3, 35, 7801
3, 36, 7854
3, 37, 4181
3, 38, 7990
3, 39, 3712
3, 40, 3568
3, 41, 900
3, 42, 5339
3, 43, 7051
3, 44, 3348
3, 45, 5223
3, 46, 7012
3, 47, 6522
3, 48, 3331
3, 49, 4963
3, 50, 375
3, 51, 7590
3, 52, 7113
3, 53, 6612
3, 54, 5647
3, 55, 7898
3, 56, 7147
3, 57, 6310
3, 58, 2055
3, 59, 3159
3, 60, 6701
3, 61, 1850
3, 62, 7071
3, 63, 1816
3, 64, 6014
3, 65, 5936
3, 66, 1633
3, 67, 559
3, 68, 6815
3, 69, 6815
3, 70, 7993
3, 71, 1334
3, 72, 6621
3, 73, 7562
3, 74, 1251
3, 75, 7328
3, 76, 7699
3, 77, 534
3, 78, 7141
3, 79, 5294
3, 80, 6796
3, 81, 1978
3, 82, 6835
3, 83, 7562
3, 84, 7505
3, 85, 6838
3, 86, 491
3, 87, 7127
3, 88, 5190
3, 89, 11187
3, 90, 6995
4, 5, 7124
4, 6, 1024
4, 7, 1208
4, 8, 7335
4, 9, 3696
4, 10, 3640
4, 11, 31
4, 12, 3622
4, 13, 3617
4, 14, 725
4, 15, 243
4, 16, 3388
4, 17, 109
4, 18, 3567
4, 19, 2105
4, 20, 2630
4, 21, 1566
4, 22, 4406
4, 23, 7120
4, 24, 1587
4, 25, 2975
4, 26, 7962
4, 27, 557
4, 28, 454
4, 29, 1801
4, 30, 5200
4, 31, 2303
4, 32, 3066
4, 33, 3568
4, 34, 2085
4, 35, 3970
4, 36, 1135
4, 37, 2116
4, 38, 1272
4, 39, 3256
4, 40, 3291
4, 41, 8086
4, 42, 1028
4, 43, 612
4, 44, 4054
4, 45, 1668
4, 46, 1134
4, 47, 1164
4, 48, 3687
4, 49, 1334
4, 50, 7350
4, 51, 3759
4, 52, 1234
4, 53, 1073
4, 54, 2300
4, 55, 4067
4, 56, 1269
4, 57, 1108
4, 58, 4920
4, 59, 3865
4, 60, 984
4, 61, 5125
4, 62, 3241
4, 63, 5159
4, 64, 940
4, 65, 1018
4, 66, 5342
4, 67, 7534
4, 68, 1414
4, 69, 1414
4, 70, 4163
4, 71, 5641
4, 72, 458
4, 73, 3731
4, 74, 5857
4, 75, 889
4, 76, 3868
4, 77, 7509
4, 78, 1111
4, 79, 3868
4, 80, 767
4, 81, 4997
4, 82, 3005
4, 83, 1876
4, 84, 3674
4, 85, 580
4, 86, 7465
4, 87, 689
4, 88, 3764
4, 89, 7356
4, 90, 966
5, 6, 7492
5, 7, 7171
5, 8, 211
5, 9, 7676
5, 10, 7620
5, 11, 7134
5, 12, 7602
5, 13, 7597
5, 14, 6756
5, 15, 6985
5, 16, 3162
5, 17, 7119
5, 18, 7547
5, 19, 6085
5, 20, 5467
5, 21, 6734
5, 22, 1984
5, 23, 11100
5, 24, 6755
5, 25, 3677
5, 26, 838
5, 27, 6546
5, 28, 7319
5, 29, 7636
5, 30, 2329
5, 31, 4087
5, 32, 5030
5, 33, 7548
5, 34, 6011
5, 35, 7950
5, 36, 8003
5, 37, 4330
5, 38, 8140
5, 39, 3862
5, 40, 3717
5, 41, 962
5, 42, 5488
5, 43, 7200
5, 44, 3497
5, 45, 5373
5, 46, 7162
5, 47, 6671
5, 48, 3480
5, 49, 5112
5, 50, 848
5, 51, 7739
5, 52, 7262
5, 53, 6761
5, 54, 5796
5, 55, 8047
5, 56, 7297
5, 57, 6459
5, 58, 2205
5, 59, 3308
5, 60, 6850
5, 61, 1999
5, 62, 7221
5, 63, 1965
5, 64, 6163
5, 65, 6085
5, 66, 1782
5, 67, 1032
5, 68, 6964
5, 69, 6964
5, 70, 8143
5, 71, 1483
5, 72, 6770
5, 73, 7711
5, 74, 1400
5, 75, 7477
5, 76, 7848
5, 77, 1007
5, 78, 7290
5, 79, 5443
5, 80, 6945
5, 81, 2127
5, 82, 6985
5, 83, 7711
5, 84, 7654
5, 85, 6987
5, 86, 964
5, 87, 7276
5, 88, 5339
5, 89, 11336
5, 90, 7144
6, 7, 1061
6, 8, 7725
6, 9, 4326
6, 10, 4270
6, 11, 992
6, 12, 4252
6, 13, 4246
6, 14, 650
6, 15, 903
6, 16, 3777
6, 17, 915
6, 18, 4196
6, 19, 2734
6, 20, 3259
6, 21, 2195
6, 22, 4795
6, 23, 7749
6, 24, 2217
6, 25, 3364
6, 26, 8351
6, 27, 1342
6, 28, 569
6, 29, 2430
6, 30, 5589
6, 31, 2692
6, 32, 3696
6, 33, 4198
6, 34, 2715
6, 35, 4599
6, 36, 988
6, 37, 2746
6, 38, 1125
6, 39, 3645
6, 40, 3680
6, 41, 8475
6, 42, 1657
6, 43, 465
6, 44, 4443
6, 45, 2297
6, 46, 1059
6, 47, 1089
6, 48, 4076
6, 49, 1963
6, 50, 7739
6, 51, 4389
6, 52, 1159
6, 53, 998
6, 54, 2930
6, 55, 4696
6, 56, 1194
6, 57, 1033
6, 58, 5309
6, 59, 4254
6, 60, 909
6, 61, 5514
6, 62, 3870
6, 63, 5548
6, 64, 1725
6, 65, 1803
6, 66, 5731
6, 67, 7923
6, 68, 1267
6, 69, 1267
6, 70, 4792
6, 71, 6030
6, 72, 1118
6, 73, 4361
6, 74, 6246
6, 75, 134
6, 76, 4498
6, 77, 7898
6, 78, 202
6, 79, 4257
6, 80, 547
6, 81, 5386
6, 82, 3634
6, 83, 2506
6, 84, 4303
6, 85, 624
6, 86, 7855
6, 87, 335
6, 88, 4154
6, 89, 7986
6, 90, 348
7, 8, 7403
7, 9, 3265
7, 10, 3209
7, 11, 1176
7, 12, 3191
7, 13, 3186
7, 14, 954
7, 15, 1087
7, 16, 3013
7, 17, 1099
7, 18, 3136
7, 19, 1674
7, 20, 2199
7, 21, 1135
7, 22, 4031
7, 23, 6689
7, 24, 1156
7, 25, 2407
7, 26, 8030
7, 27, 779
7, 28, 753
7, 29, 1370
7, 30, 5268
7, 31, 2371
7, 32, 2635
7, 33, 3137
7, 34, 1654
7, 35, 3539
7, 36, 832
7, 37, 1685
7, 38, 969
7, 39, 3324
7, 40, 3359
7, 41, 8154
7, 42, 597
7, 43, 595
7, 44, 4122
7, 45, 1237
7, 46, 1362
7, 47, 1392
7, 48, 3755
7, 49, 903
7, 50, 7418
7, 51, 3328
7, 52, 1462
7, 53, 1301
7, 54, 1869
7, 55, 3636
7, 56, 1497
7, 57, 1336
7, 58, 4987
7, 59, 3933
7, 60, 1213
7, 61, 5193
7, 62, 2809
7, 63, 5227
7, 64, 1008
7, 65, 1086
7, 66, 5410
7, 67, 7602
7, 68, 206
7, 69, 206
7, 70, 3731
7, 71, 5709
7, 72, 1003
7, 73, 3300
7, 74, 5925
7, 75, 926
7, 76, 3437
7, 77, 7577
7, 78, 1263
7, 79, 3936
7, 80, 995
7, 81, 5065
7, 82, 2574
7, 83, 1445
7, 84, 3243
7, 85, 808
7, 86, 7533
7, 87, 725
7, 88, 3832
7, 89, 6925
7, 90, 1194
8, 9, 7887
8, 10, 7832
8, 11, 7346
8, 12, 7814
8, 13, 7808
8, 14, 6967
8, 15, 7196
8, 16, 3373
8, 17, 7330
8, 18, 7758
8, 19, 6296
8, 20, 5678
8, 21, 6945
8, 22, 2196
8, 23, 11311
8, 24, 6966
8, 25, 3888
8, 26, 627
8, 27, 6757
8, 28, 7530
8, 29, 7847
8, 30, 2541
8, 31, 4299
8, 32, 5242
8, 33, 7759
8, 34, 6223
8, 35, 8161
8, 36, 8214
8, 37, 4541
8, 38, 8351
8, 39, 4073
8, 40, 3928
8, 42, 5699
8, 43, 7411
8, 44, 3708
8, 41, 750
8, 45, 5584
8, 46, 7373
8, 47, 6882
8, 48, 3691
8, 49, 5324
8, 50, 1060
8, 51, 7951
8, 52, 7473
8, 53, 6973
8, 54, 6007
8, 55, 8258
8, 56, 7508
8, 57, 6671
8, 58, 2416
8, 59, 3519
8, 60, 7062
8, 61, 2211
8, 62, 7432
8, 63, 2176
8, 64, 6375
8, 65, 6296
8, 66, 1993
8, 67, 1243
8, 68, 7176
8, 69, 7176
8, 70, 8354
8, 71, 1695
8, 72, 6981
8, 73, 7923
8, 74, 1611
8, 75, 7688
8, 76, 8060
8, 77, 1218
8, 78, 7501
8, 79, 5654
8, 80, 7157
8, 81, 2338
8, 82, 7196
8, 83, 7922
8, 84, 7865
8, 85, 7199
8, 86, 1175
8, 87, 7488
8, 88, 5551
8, 89, 11547
8, 90, 7355
9, 10, 652
9, 11, 3712
9, 12, 670
9, 13, 675
9, 14, 4214
9, 15, 3562
9, 16, 4658
9, 17, 3696
9, 18, 392
9, 19, 1575
9, 20, 2194
9, 21, 2317
9, 22, 5676
9, 23, 5520
9, 24, 2339
9, 25, 4089
9, 26, 8498
9, 27, 3123
9, 28, 3896
9, 29, 2019
9, 30, 6390
9, 31, 4715
9, 32, 2630
9, 33, 644
9, 34, 1649
9, 35, 678
9, 36, 4081
9, 37, 3459
9, 38, 4218
9, 39, 4678
9, 40, 4713
9, 41, 8622
9, 42, 2941
9, 43, 3845
9, 44, 5476
9, 45, 3581
9, 46, 4620
9, 47, 4130
9, 48, 5109
9, 49, 3247
9, 50, 7886
9, 51, 63
9, 52, 4721
9, 53, 4220
9, 54, 1864
9, 55, 581
9, 56, 4755
9, 57, 3918
9, 58, 7332
9, 59, 5287
9, 60, 4309
9, 61, 7537
9, 62, 540
9, 63, 7572
9, 64, 3352
9, 65, 3430
9, 66, 7755
9, 67, 8070
9, 68, 3043
9, 69, 3043
9, 70, 606
9, 71, 6865
9, 72, 3347
9, 73, 561
9, 74, 6782
9, 75, 4175
9, 76, 172
9, 77, 8045
9, 78, 4512
9, 79, 6280
9, 80, 4209
9, 81, 7409
9, 82, 776
9, 83, 2238
9, 84, 22
9, 85, 4022
9, 86, 8002
9, 87, 3975
9, 88, 6177
9, 89, 5756
9, 90, 4407
10, 11, 3656
10, 12, 18
10, 13, 24
10, 14, 4159
10, 15, 3507
10, 16, 4603
10, 17, 3641
10, 18, 74
10, 19, 1520
10, 20, 2138
10, 21, 2262
10, 22, 5620
10, 23, 5464
10, 24, 2283
10, 25, 4033
10, 26, 8443
10, 27, 3068
10, 28, 3841
10, 29, 1963
10, 30, 6334
10, 31, 4659
10, 32, 2574
10, 33, 588
10, 34, 1593
10, 35, 567
10, 36, 4026
10, 37, 3403
10, 38, 4162
10, 39, 4623
10, 40, 4658
10, 41, 8566
10, 42, 2885
10, 43, 3789
10, 44, 5420
10, 45, 3525
10, 46, 4565
10, 47, 4074
10, 48, 5054
10, 49, 3191
10, 50, 7831
10, 51, 589
10, 52, 4665
10, 53, 4165
10, 54, 1809
10, 55, 470
10, 56, 4700
10, 57, 3862
10, 58, 7276
10, 59, 5231
10, 60, 4253
10, 61, 7481
10, 62, 574
10, 63, 7516
10, 64, 3296
10, 65, 3374
10, 66, 7699
10, 67, 8015
10, 68, 2987
10, 69, 2987
10, 70, 494
10, 71, 6810
10, 72, 3292
10, 73, 91
10, 74, 6726
10, 75, 4120
10, 76, 480
10, 77, 7989
10, 78, 4456
10, 79, 6225
10, 80, 4153
10, 81, 7354
10, 82, 945
10, 83, 2182
10, 84, 443
10, 85, 3966
10, 86, 7946
10, 87, 3919
10, 88, 6121
10, 89, 5700
10, 90, 4352
11, 12, 3654
11, 13, 3648
11, 14, 694
11, 15, 212
11, 16, 3419
11, 17, 78
11, 18, 3598
11, 19, 2136
11, 20, 2661
11, 21, 1597
11, 22, 4437
11, 23, 7151
11, 24, 1619
11, 25, 3006
11, 26, 7994
11, 27, 588
11, 28, 423
11, 29, 1832
11, 30, 5231
11, 31, 2334
11, 32, 3098
11, 33, 3599
11, 34, 2117
11, 35, 4001
11, 36, 1104
11, 37, 2148
11, 38, 1241
11, 39, 3287
11, 40, 3322
11, 41, 8117
11, 42, 1059
11, 43, 581
11, 44, 4085
11, 45, 1699
11, 46, 1102
11, 47, 1132
11, 48, 3718
11, 49, 1365
11, 50, 7382
11, 51, 3791
11, 52, 1203
11, 53, 1042
11, 54, 2332
11, 55, 4098
11, 56, 1237
11, 57, 1077
11, 58, 4951
11, 59, 3896
11, 60, 953
11, 61, 5156
11, 62, 3272
11, 63, 5191
11, 64, 971
11, 65, 1049
11, 66, 5374
11, 67, 7565
11, 68, 1383
11, 69, 1383
11, 70, 4194
11, 71, 5672
11, 72, 427
11, 73, 3763
11, 74, 5889
11, 75, 858
11, 76, 3900
11, 77, 7540
11, 78, 1080
11, 79, 3900
11, 80, 736
11, 81, 5029
11, 82, 3036
11, 83, 1908
11, 84, 3705
11, 85, 549
11, 86, 7497
11, 87, 657
11, 88, 3796
11, 89, 7387
11, 90, 934
12, 13, 6
12, 14, 4141
12, 15, 3489
12, 16, 4584
12, 17, 3623
12, 18, 55
12, 19, 1502
12, 20, 2120
12, 21, 2244
12, 22, 5602
12, 23, 5446
12, 24, 2265
12, 25, 4015
12, 26, 8425
12, 27, 3050
12, 28, 3823
12, 29, 1945
12, 30, 6316
12, 31, 4641
12, 32, 2556
12, 33, 570
12, 34, 1575
12, 35, 585
12, 36, 4007
12, 37, 3385
12, 38, 4144
12, 39, 4604
12, 40, 4640
12, 41, 8548
12, 42, 2867
12, 43, 3771
12, 44, 5402
12, 45, 3507
12, 46, 4546
12, 47, 4056
12, 48, 5036
12, 49, 3173
12, 50, 7813
12, 51, 607
12, 52, 4647
12, 53, 4146
12, 54, 1790
12, 55, 488
12, 56, 4682
12, 57, 3844
12, 58, 7258
12, 59, 5213
12, 60, 4235
12, 61, 7463
12, 62, 556
12, 63, 7498
12, 64, 3278
12, 65, 3356
12, 66, 7681
12, 67, 7997
12, 68, 2969
12, 69, 2969
12, 70, 513
12, 71, 6792
12, 72, 3274
12, 73, 109
12, 74, 6708
12, 75, 4102
12, 76, 498
12, 77, 7971
12, 78, 4438
12, 79, 6207
12, 80, 4135
12, 81, 7336
12, 82, 927
12, 83, 2164
12, 84, 425
12, 85, 3948
12, 86, 7928
12, 87, 3901
12, 88, 6103
12, 89, 5682
12, 90, 4334
13, 14, 4135
13, 15, 3483
13, 16, 4579
13, 17, 3617
13, 18, 50
13, 19, 1496
13, 20, 2114
13, 21, 2238
13, 22, 5597
13, 23, 5440
13, 24, 2260
13, 25, 4009
13, 26, 8419
13, 27, 3044
13, 28, 3817
13, 29, 1940
13, 30, 6310
13, 31, 4636
13, 32, 2551
13, 33, 565
13, 34, 1570
13, 35, 591
13, 36, 4002
13, 37, 3380
13, 38, 4139
13, 39, 4599
13, 40, 4634
13, 41, 8543
13, 42, 2862
13, 43, 3765
13, 44, 5396
13, 45, 3502
13, 46, 4541
13, 47, 4050
13, 48, 5030
13, 49, 3168
13, 50, 7807
13, 51, 612
13, 52, 4641
13, 53, 4141
13, 54, 1785
13, 55, 494
13, 56, 4676
13, 57, 3839
13, 58, 7252
13, 59, 5208
13, 60, 4230
13, 61, 7458
13, 62, 550
13, 63, 7492
13, 64, 3273
13, 65, 3351
13, 66, 7675
13, 67, 7991
13, 68, 2963
13, 69, 2963
13, 70, 518
13, 71, 6786
13, 72, 3268
13, 73, 115
13, 74, 6703
13, 75, 4096
13, 76, 503
13, 77, 7966
13, 78, 4433
13, 79, 6201
13, 80, 4130
13, 81, 7330
13, 82, 922
13, 83, 2159
13, 84, 419
13, 85, 3942
13, 86, 7922
13, 87, 3895
13, 88, 6097
13, 89, 5676
13, 90, 4328
14, 15, 605
14, 16, 3041
14, 17, 616
14, 18, 4101
14, 19, 2639
14, 20, 3164
14, 21, 2100
14, 22, 4059
14, 23, 7654
14, 24, 2121
14, 25, 2627
14, 26, 7615
14, 27, 1044
14, 28, 271
14, 29, 2335
14, 30, 4852
14, 31, 1956
14, 32, 3600
14, 33, 4102
14, 34, 2619
14, 35, 4504
14, 36, 881
14, 37, 2650
14, 38, 1018
14, 39, 2909
14, 40, 2944
14, 41, 7738
14, 42, 1562
14, 43, 358
14, 44, 3706
14, 45, 2202
14, 46, 408
14, 47, 438
14, 48, 3340
14, 49, 1868
14, 50, 7003
14, 51, 4293
14, 52, 509
14, 53, 348
14, 54, 2835
14, 55, 4601
14, 56, 543
14, 57, 296
14, 58, 4572
14, 59, 3518
14, 60, 259
14, 61, 4777
14, 62, 3775
14, 63, 4812
14, 64, 863
14, 65, 784
14, 66, 4995
14, 67, 7187
14, 68, 1160
14, 69, 1160
14, 70, 4697
14, 71, 5294
14, 72, 820
14, 73, 4265
14, 74, 5510
14, 75, 635
14, 76, 4402
14, 77, 7162
14, 78, 448
14, 79, 3521
14, 80, 104
14, 81, 4650
14, 82, 3539
14, 83, 2410
14, 84, 4208
14, 85, 146
14, 86, 7118
14, 87, 435
14, 88, 3417
14, 89, 7890
14, 90, 302
15, 16, 3270
15, 17, 134
15, 18, 3449
15, 19, 1987
15, 20, 2512
15, 21, 1448
15, 22, 4288
15, 23, 7002
15, 24, 1469
15, 25, 2857
15, 26, 7844
15, 27, 439
15, 28, 334
15, 29, 1683
15, 30, 5082
15, 31, 2185
15, 32, 2948
15, 33, 3450
15, 34, 1967
15, 35, 3852
15, 36, 1015
15, 37, 1998
15, 38, 1152
15, 39, 3138
15, 40, 3173
15, 41, 7968
15, 42, 910
15, 43, 492
15, 44, 3936
15, 45, 1550
15, 46, 1013
15, 47, 1043
15, 48, 3569
15, 49, 1216
15, 50, 7232
15, 51, 3641
15, 52, 1114
15, 53, 953
15, 54, 2182
15, 55, 3949
15, 56, 1148
15, 57, 988
15, 58, 4801
15, 59, 3747
15, 60, 864
15, 61, 5007
15, 62, 3123
15, 63, 5041
15, 64, 822
15, 65, 900
15, 66, 5224
15, 67, 7416
15, 68, 1294
15, 69, 1294
15, 70, 4045
15, 71, 5523
15, 72, 215
15, 73, 3613
15, 74, 5739
15, 75, 769
15, 76, 3750
15, 77, 7391
15, 78, 991
15, 79, 3750
15, 80, 647
15, 81, 4879
15, 82, 2887
15, 83, 1758
15, 84, 3556
15, 85, 459
15, 86, 7347
15, 87, 568
15, 88, 3646
15, 89, 7238
15, 90, 845
16, 17, 3404
16, 18, 4545
16, 19, 3083
16, 20, 2464
16, 21, 3732
16, 22, 1178
16, 23, 8098
16, 24, 3753
16, 25, 675
16, 26, 4000
16, 27, 2831
16, 28, 3604
16, 29, 3433
16, 30, 1891
16, 31, 1085
16, 32, 2028
16, 33, 4546
16, 34, 3009
16, 35, 4948
16, 36, 3845
16, 37, 1328
16, 38, 3982
16, 39, 1003
16, 40, 1038
16, 41, 4124
16, 42, 2486
16, 43, 3485
16, 44, 1801
16, 45, 2370
16, 46, 3447
16, 47, 2956
16, 48, 1434
16, 49, 2110
16, 50, 3388
16, 51, 4737
16, 52, 3547
16, 53, 3046
16, 54, 2794
16, 55, 5045
16, 56, 3582
16, 57, 2744
16, 58, 2279
16, 59, 1612
16, 60, 3135
16, 61, 2074
16, 62, 4218
16, 63, 2039
16, 64, 2448
16, 65, 2370
16, 66, 1856
16, 67, 3572
16, 68, 2806
16, 69, 2806
16, 70, 5140
16, 71, 2367
16, 72, 3055
16, 73, 4709
16, 74, 2284
16, 75, 3762
16, 76, 4846
16, 77, 3547
16, 78, 3575
16, 79, 4737
16, 80, 3230
16, 81, 2094
16, 82, 3982
16, 83, 3652
16, 84, 4652
16, 85, 3272
16, 86, 3503
16, 87, 3561
16, 88, 4633
16, 89, 8334
16, 90, 3429
17, 18, 3583
17, 19, 2121
17, 20, 2646
17, 21, 1582
17, 22, 4422
17, 23, 7136
17, 24, 1604
17, 25, 2991
17, 26, 7978
17, 27, 573
17, 28, 346
17, 29, 1817
17, 30, 5216
17, 31, 2319
17, 32, 3082
17, 33, 3584
17, 34, 2101
17, 35, 3986
17, 36, 1026
17, 37, 2132
17, 38, 1163
17, 39, 3272
17, 40, 3307
17, 41, 8102
17, 42, 1044
17, 43, 503
17, 44, 4070
17, 45, 1684
17, 46, 1025
17, 47, 1055
17, 48, 3703
17, 49, 1350
17, 50, 7366
17, 51, 3775
17, 52, 1125
17, 53, 964
17, 54, 2317
17, 55, 4083
17, 56, 1160
17, 57, 999
17, 58, 4936
17, 59, 3881
17, 60, 875
17, 61, 5141
17, 62, 3257
17, 63, 5175
17, 64, 956
17, 65, 1034
17, 66, 5358
17, 67, 7550
17, 68, 1305
17, 69, 1305
17, 70, 4179
17, 71, 5657
17, 72, 349
17, 73, 3747
17, 74, 5873
17, 75, 780
17, 76, 3884
17, 77, 7525
17, 78, 1003
17, 79, 3884
17, 80, 658
17, 81, 5013
17, 82, 3021
17, 83, 1892
17, 84, 3690
17, 85, 471
17, 86, 7482
17, 87, 580
17, 88, 3781
17, 89, 7372
17, 90, 857
18, 19, 1446
18, 20, 2065
18, 21, 2188
18, 22, 5547
18, 23, 5390
18, 24, 2210
18, 25, 3959
18, 26, 8369
18, 27, 2994
18, 28, 3767
18, 29, 1890
18, 30, 6260
18, 31, 4586
18, 32, 2501
18, 33, 515
18, 34, 1520
18, 35, 640
18, 36, 3952
18, 37, 3330
18, 38, 4089
18, 39, 4549
18, 40, 4584
18, 41, 8493
18, 42, 2812
18, 43, 3715
18, 44, 5347
18, 45, 3452
18, 46, 4491
18, 47, 4001
18, 48, 4980
18, 49, 3118
18, 50, 7757
18, 51, 662
18, 52, 4592
18, 53, 4091
18, 54, 1735
18, 55, 543
18, 56, 4626
18, 57, 3789
18, 58, 7203
18, 59, 5158
18, 60, 4180
18, 61, 7408
18, 62, 501
18, 63, 7442
18, 64, 3223
18, 65, 3301
18, 66, 7625
18, 67, 7941
18, 68, 2914
18, 69, 2914
18, 70, 568
18, 71, 6736
18, 72, 3218
18, 73, 164
18, 74, 6653
18, 75, 4046
18, 76, 553
18, 77, 7916
18, 78, 4383
18, 79, 6151
18, 80, 4080
18, 81, 7280
18, 82, 872
18, 83, 2109
18, 84, 370
18, 85, 3893
18, 86, 7873
18, 87, 3846
18, 88, 6048
18, 89, 5626
18, 90, 4278
19, 20, 618
19, 21, 742
19, 22, 4101
19, 23, 5015
19, 24, 763
19, 25, 2513
19, 26, 6923
19, 27, 1548
19, 28, 2321
19, 29, 444
19, 30, 4814
19, 31, 3140
19, 32, 1055
19, 33, 1463
19, 34, 74
19, 35, 1865
19, 36, 2506
19, 37, 1883
19, 38, 2643
19, 39, 3103
19, 40, 3138
19, 41, 7046
19, 42, 1366
19, 43, 2269
19, 44, 3900
19, 45, 2005
19, 46, 3045
19, 47, 2554
19, 48, 3534
19, 49, 1671
19, 50, 6311
19, 51, 1654
19, 52, 3145
19, 53, 2645
19, 54, 289
19, 55, 1962
19, 56, 3180
19, 57, 2343
19, 58, 5756
19, 59, 3712
19, 60, 2734
19, 61, 5961
19, 62, 1136
19, 63, 5996
19, 64, 1776
19, 65, 1855
19, 66, 6179
19, 67, 6495
19, 68, 1467
19, 69, 1467
19, 70, 2058
19, 71, 5290
19, 72, 1772
19, 73, 1626
19, 74, 5207
19, 75, 2600
19, 76, 1763
19, 77, 6470
19, 78, 2978
19, 79, 4705
19, 80, 2634
19, 81, 5834
19, 82, 900
19, 83, 662
19, 84, 1569
19, 85, 2446
19, 86, 6426
19, 87, 2399
19, 88, 4601
19, 89, 5251
19, 90, 2832
20, 21, 1267
20, 22, 3482
20, 23, 5633
20, 24, 1289
20, 25, 1895
20, 26, 6305
20, 27, 2073
20, 28, 2846
20, 29, 969
20, 30, 4196
20, 31, 2567
20, 32, 436
20, 33, 2081
20, 34, 545
20, 35, 2483
20, 36, 3031
20, 37, 1265
20, 38, 3168
20, 39, 2484
20, 40, 2520
20, 41, 6428
20, 42, 2423
20, 43, 2794
20, 44, 3282
20, 45, 2308
20, 46, 3570
20, 47, 3079
20, 48, 2916
20, 49, 2048
20, 50, 5693
20, 51, 2273
20, 52, 3670
20, 53, 3170
20, 54, 329
20, 55, 2580
20, 56, 3705
20, 57, 2868
20, 58, 4584
20, 59, 3093
20, 60, 3259
20, 61, 4379
20, 62, 1754
20, 63, 4344
20, 64, 2301
20, 65, 2380
20, 66, 4161
20, 67, 5877
20, 68, 1992
20, 69, 1992
20, 70, 2676
20, 71, 4672
20, 72, 2297
20, 73, 2245
20, 74, 4588
20, 75, 3125
20, 76, 2382
20, 77, 5851
20, 78, 3503
20, 79, 5230
20, 80, 3159
20, 81, 4398
20, 82, 1518
20, 83, 1187
20, 84, 2187
20, 85, 2971
20, 86, 5808
20, 87, 2924
20, 88, 5126
20, 89, 5869
20, 90, 3357
21, 22, 4756
21, 23, 5763
21, 24, 22
21, 25, 3168
21, 26, 8266
21, 27, 1015
21, 28, 1788
21, 29, 444
21, 30, 5504
21, 31, 2607
21, 32, 1710
21, 33, 2211
21, 34, 729
21, 35, 2613
21, 36, 1973
21, 37, 1921
21, 38, 2110
21, 39, 3560
21, 40, 3595
21, 41, 8390
21, 42, 833
21, 43, 1737
21, 44, 4358
21, 45, 1473
21, 46, 2512
21, 47, 2022
21, 48, 3991
21, 49, 1139
21, 50, 7654
21, 51, 2403
21, 52, 2613
21, 53, 2112
21, 55, 2710
21, 56, 2647
21, 57, 1810
21, 58, 5224
21, 59, 4169
21, 54, 944
21, 60, 2201
21, 61, 5429
21, 62, 1884
21, 63, 5463
21, 64, 1244
21, 65, 1322
21, 66, 5646
21, 67, 7838
21, 68, 935
21, 69, 935
21, 70, 2806
21, 71, 5945
21, 72, 1239
21, 73, 2375
21, 74, 6161
21, 75, 2067
21, 76, 2511
21, 77, 7813
21, 78, 2404
21, 79, 4172
21, 80, 2101
21, 81, 5301
21, 82, 1648
21, 83, 520
21, 84, 2317
21, 85, 1914
21, 86, 7770
21, 87, 1867
21, 88, 4069
21, 89, 5999
21, 90, 2299
22, 23, 9116
22, 24, 4771
22, 25, 1693
22, 26, 2822
22, 27, 3849
22, 28, 4622
22, 29, 4451
22, 30, 714
22, 31, 2103
22, 32, 3046
22, 33, 5564
22, 34, 4027
22, 35, 5966
22, 36, 4863
22, 37, 2346
22, 38, 5000
22, 39, 2021
22, 40, 2056
22, 41, 2946
22, 42, 3504
22, 43, 4503
22, 44, 2394
22, 45, 3388
22, 46, 4464
22, 47, 3974
22, 48, 2452
22, 49, 3128
22, 50, 2210
22, 51, 5755
22, 52, 4565
22, 53, 4064
22, 54, 3812
22, 55, 6063
22, 56, 4600
22, 57, 3762
22, 58, 1101
22, 59, 2205
22, 60, 4153
22, 61, 896
22, 62, 5236
22, 63, 862
22, 64, 3466
22, 65, 3388
22, 66, 679
22, 67, 2394
22, 68, 3824
22, 69, 3824
22, 70, 6158
22, 71, 1189
22, 72, 4073
22, 73, 5727
22, 74, 1106
22, 75, 4780
22, 76, 5864
22, 77, 2369
22, 78, 4593
22, 79, 4340
22, 80, 4248
22, 81, 916
22, 82, 5000
22, 83, 4670
22, 84, 5670
22, 85, 4290
22, 86, 2326
22, 87, 4579
22, 88, 4236
22, 89, 9352
22, 90, 4447
23, 24, 5779
23, 25, 7528
23, 26, 11938
23, 27, 6563
23, 28, 7336
23, 29, 5459
23, 30, 9829
23, 31, 8155
23, 32, 6070
23, 33, 5392
23, 34, 5089
23, 35, 5793
23, 36, 7521
23, 37, 6899
23, 38, 7658
23, 39, 8118
23, 40, 8153
23, 41, 12062
23, 42, 6381
23, 43, 7284
23, 44, 8915
23, 45, 7021
23, 46, 8060
23, 47, 7569
23, 48, 8549
23, 49, 6687
23, 50, 11326
23, 51, 5583
23, 52, 8160
23, 53, 7660
23, 54, 5304
23, 55, 5890
23, 56, 8195
23, 57, 7358
23, 58, 10771
23, 59, 8727
23, 60, 7749
23, 61, 10977
23, 62, 5064
23, 63, 11011
23, 64, 6791
23, 65, 6870
23, 66, 11194
23, 67, 11510
23, 68, 6482
23, 69, 6482
23, 70, 5986
23, 71, 10305
23, 72, 6787
23, 73, 5555
23, 74, 10222
23, 75, 7615
23, 76, 5692
23, 77, 11485
23, 78, 7952
23, 79, 9720
23, 80, 7649
23, 81, 10849
23, 82, 4828
23, 83, 5678
23, 84, 5497
23, 85, 7461
23, 86, 11441
23, 87, 7414
23, 88, 9616
23, 89, 236
23, 90, 7847
24, 25, 3147
24, 26, 8245
24, 27, 994
24, 28, 1767
24, 29, 423
24, 30, 5482
24, 31, 2585
24, 32, 1688
24, 33, 2190
24, 34, 707
24, 35, 2592
24, 36, 1951
24, 37, 1900
24, 38, 2088
24, 39, 3538
24, 40, 3574
24, 41, 8368
24, 42, 811
24, 43, 1715
24, 44, 4336
24, 45, 1451
24, 46, 2491
24, 47, 2000
24, 48, 3970
24, 49, 1117
24, 50, 7633
24, 51, 2381
24, 52, 2591
24, 53, 2090
24, 54, 922
24, 55, 2689
24, 56, 2626
24, 57, 1788
24, 58, 5202
24, 59, 4147
24, 60, 2179
24, 61, 5407
24, 62, 1862
24, 63, 5442
24, 64, 1222
24, 65, 1300
24, 66, 5625
24, 67, 7817
24, 68, 913
24, 69, 913
24, 70, 2784
24, 71, 5923
24, 72, 1218
24, 73, 2353
24, 74, 6140
24, 75, 2046
24, 76, 2490
24, 77, 7791
24, 78, 2382
24, 79, 4151
24, 80, 2079
24, 81, 5280
24, 82, 1626
24, 83, 498
24, 84, 2296
24, 85, 1892
24, 86, 7748
24, 87, 1845
24, 88, 4047
24, 89, 5978
24, 90, 2278
25, 26, 4562
25, 27, 2418
25, 28, 3191
25, 29, 2872
25, 30, 2453
25, 31, 672
25, 32, 1459
25, 33, 3976
25, 34, 2439
25, 35, 4378
25, 36, 3239
25, 37, 722
25, 38, 3376
25, 39, 590
25, 40, 625
25, 41, 4685
25, 42, 1880
25, 43, 3003
25, 44, 1387
25, 45, 1765
25, 46, 3033
25, 47, 2543
25, 48, 1021
25, 49, 1505
25, 50, 3950
25, 51, 4167
25, 52, 3134
25, 53, 2633
25, 54, 2224
25, 55, 4475
25, 56, 3168
25, 57, 2331
25, 58, 2137
25, 59, 1199
25, 60, 2722
25, 61, 2342
25, 62, 3649
25, 63, 2377
25, 64, 2035
25, 65, 1957
25, 66, 2560
25, 67, 4134
25, 68, 2201
25, 69, 2201
25, 70, 4571
25, 71, 2858
25, 72, 2642
25, 73, 4139
25, 74, 3075
25, 75, 3333
25, 76, 4276
25, 77, 4109
25, 78, 3162
25, 79, 4324
25, 80, 2817
25, 81, 2215
25, 82, 3413
25, 83, 2947
25, 84, 4082
25, 85, 2859
25, 86, 4065
25, 87, 3133
25, 88, 4220
25, 89, 7764
25, 90, 3016
26, 27, 7384
26, 28, 8157
26, 29, 8474
26, 30, 3167
26, 31, 4925
26, 32, 5868
26, 33, 8386
26, 34, 6849
26, 35, 8788
26, 36, 8841
26, 37, 5168
26, 38, 8978
26, 39, 4700
26, 40, 4555
26, 41, 123
26, 42, 6326
26, 43, 8038
26, 44, 4335
26, 45, 6211
26, 46, 8000
26, 47, 7509
26, 48, 4318
26, 49, 5950
26, 50, 802
26, 51, 8577
26, 52, 8100
26, 53, 7600
26, 54, 6634
26, 55, 8885
26, 56, 8135
26, 57, 7297
26, 58, 3043
26, 59, 4146
26, 60, 7688
26, 61, 2838
26, 62, 8059
26, 63, 2803
26, 64, 7001
26, 65, 6923
26, 66, 2620
26, 67, 619
26, 68, 7803
26, 69, 7803
26, 70, 8981
26, 71, 2321
26, 72, 7608
26, 73, 8549
26, 74, 2238
26, 75, 8315
26, 76, 8686
26, 77, 490
26, 78, 8128
26, 79, 6281
26, 80, 7784
26, 81, 2965
26, 82, 7823
26, 83, 8549
26, 84, 8492
26, 85, 7825
26, 86, 687
26, 87, 8114
26, 88, 6178
26, 89, 12174
26, 90, 7982
27, 28, 773
27, 29, 1244
27, 30, 4643
27, 31, 1746
27, 33, 3011
27, 34, 1528
27, 35, 3413
27, 36, 1453
27, 37, 1559
27, 32, 2509
27, 39, 2699
27, 40, 2734
27, 41, 7529
27, 38, 1590
27, 42, 471
27, 43, 930
27, 44, 3497
27, 45, 1111
27, 46, 1452
27, 47, 1161
27, 48, 3130
27, 49, 777
27, 50, 6793
27, 51, 3202
27, 52, 1553
27, 53, 1392
27, 54, 1744
27, 55, 3510
27, 56, 1587
27, 57, 949
27, 58, 4363
27, 59, 3308
27, 60, 1303
27, 61, 4568
27, 62, 2684
27, 63, 4602
27, 64, 383
27, 65, 461
27, 66, 4786
27, 67, 6977
27, 68, 573
27, 69, 573
27, 70, 3606
27, 71, 5084
27, 72, 224
27, 73, 3174
27, 74, 5300
27, 75, 1208
27, 76, 3311
27, 77, 6952
27, 78, 1430
27, 79, 3311
27, 80, 1085
27, 81, 4440
27, 82, 2448
27, 83, 1319
27, 84, 3117
27, 85, 898
27, 86, 6909
27, 87, 1007
27, 88, 3208
27, 89, 6799
27, 90, 1284
28, 29, 2017
28, 30, 5416
28, 31, 2519
28, 32, 3282
28, 33, 3784
28, 34, 2301
28, 35, 4186
28, 36, 681
28, 37, 2332
28, 38, 817
28, 39, 3472
28, 40, 3507
28, 41, 8302
28, 42, 1244
28, 43, 158
28, 44, 4270
28, 45, 1884
28, 46, 679
28, 47, 709
28, 48, 3903
28, 49, 1550
28, 50, 7566
28, 51, 3975
28, 52, 780
28, 53, 619
28, 54, 2516
28, 55, 4283
28, 56, 814
28, 57, 653
28, 58, 5136
28, 59, 4081
28, 60, 530
28, 61, 5341
28, 62, 3457
28, 63, 5375
28, 64, 1156
28, 65, 1234
28, 66, 5558
28, 67, 7750
28, 68, 960
28, 69, 960
28, 70, 4379
28, 71, 5857
28, 72, 549
28, 73, 3947
28, 74, 6073
28, 75, 435
28, 76, 4084
28, 77, 7725
28, 78, 657
28, 79, 4084
28, 80, 313
28, 81, 5213
28, 82, 3221
28, 83, 2092
28, 84, 3890
28, 85, 125
28, 86, 7681
28, 87, 234
28, 88, 3981
28, 89, 7572
28, 90, 511
29, 30, 5165
29, 31, 2836
29, 32, 1405
29, 33, 1907
29, 34, 424
29, 35, 2308
29, 36, 2202
29, 37, 2234
29, 38, 2339
29, 39, 3453
29, 40, 3488
29, 41, 7397
29, 42, 1062
29, 43, 1965
29, 44, 4251
29, 45, 1701
29, 46, 2741
29, 47, 2250
29, 48, 3884
29, 49, 1367
29, 50, 6661
29, 51, 2098
29, 52, 2841
29, 53, 2341
29, 54, 639
29, 55, 2405
29, 56, 2876
29, 57, 2038
29, 58, 5452
29, 59, 4062
29, 60, 2430
29, 61, 5657
29, 62, 1579
29, 63, 5692
29, 64, 1472
29, 65, 1551
29, 66, 5129
29, 67, 6845
29, 68, 1163
29, 69, 1163
29, 70, 2501
29, 71, 5640
29, 72, 1468
29, 73, 2070
29, 74, 5557
29, 75, 2296
29, 76, 2207
29, 77, 6820
29, 78, 2633
29, 79, 4401
29, 80, 2330
29, 81, 5530
29, 82, 1343
29, 83, 358
29, 84, 2012
29, 85, 2142
29, 86, 6777
29, 87, 2095
29, 88, 4297
29, 89, 5695
29, 90, 2528
30, 31, 2781
30, 32, 3760
30, 33, 7479
30, 34, 4741
30, 35, 7880
30, 36, 6078
30, 37, 3139
30, 38, 6215
30, 39, 1937
30, 40, 1792
30, 41, 3291
30, 42, 4938
30, 43, 5275
30, 44, 1573
30, 45, 4182
30, 46, 5237
30, 47, 4747
30, 48, 1556
30, 49, 3922
30, 50, 2555
30, 51, 7670
30, 52, 5338
30, 53, 4837
30, 54, 4525
30, 55, 7977
30, 56, 5372
30, 57, 4535
30, 58, 280
30, 59, 1384
30, 60, 4926
30, 61, 330
30, 62, 7151
30, 63, 365
30, 64, 4239
30, 65, 4161
30, 66, 548
30, 67, 2739
30, 68, 5040
30, 69, 5040
30, 70, 8073
30, 71, 846
30, 72, 4845
30, 73, 7642
30, 74, 1063
30, 75, 5553
30, 76, 7779
30, 77, 2714
30, 78, 5365
30, 79, 3519
30, 80, 5021
30, 81, 202
30, 82, 6915
30, 83, 5787
30, 84, 7584
30, 85, 5063
30, 86, 2671
30, 87, 5352
30, 88, 3415
30, 89, 11266
30, 90, 5219
31, 32, 2130
31, 33, 4603
31, 34, 3120
31, 35, 5005
31, 36, 3203
31, 37, 1394
31, 38, 3340
31, 39, 953
31, 40, 988
31, 41, 5049
31, 42, 2063
31, 43, 2400
31, 44, 1751
31, 45, 2437
31, 46, 2361
31, 47, 1871
31, 48, 1384
31, 49, 2176
31, 50, 4313
31, 51, 4794
31, 52, 2462
31, 53, 1961
31, 54, 3335
31, 55, 5102
31, 56, 2496
31, 57, 1659
31, 58, 2500
31, 59, 1562
31, 60, 2050
31, 61, 2706
31, 62, 4275
31, 63, 2740
31, 64, 1363
31, 65, 1285
31, 66, 2923
31, 67, 4497
31, 68, 2164
31, 69, 2164
31, 70, 5197
31, 71, 3292
31, 72, 1970
31, 73, 4766
31, 74, 3209
31, 75, 2677
31, 76, 4903
31, 77, 4472
31, 78, 2490
31, 79, 3652
31, 80, 2145
31, 81, 2578
31, 82, 4039
31, 83, 2911
31, 84, 4709
31, 85, 2187
31, 86, 4429
31, 87, 2476
31, 88, 3548
31, 89, 8391
31, 90, 2344
32, 33, 2518
32, 34, 981
32, 35, 2919
32, 36, 3467
32, 37, 829
32, 38, 3604
32, 39, 2048
32, 40, 2083
32, 41, 5992
32, 42, 1987
32, 43, 3231
32, 44, 2846
32, 45, 1872
32, 46, 4006
32, 47, 3516
32, 48, 2479
32, 49, 1611
32, 50, 5256
32, 51, 2709
32, 52, 4107
32, 53, 3606
32, 54, 766
32, 55, 3016
32, 56, 4141
32, 57, 3304
32, 58, 4148
32, 59, 2657
32, 60, 3695
32, 61, 3942
32, 62, 2190
32, 63, 3908
32, 64, 2738
32, 65, 2816
32, 66, 3725
32, 67, 5440
32, 68, 2429
32, 69, 2429
32, 70, 3112
32, 71, 4235
32, 72, 2733
32, 73, 2681
32, 74, 4152
32, 75, 3561
32, 76, 2818
32, 77, 5415
32, 78, 3939
32, 79, 5666
32, 80, 3595
32, 81, 3962
32, 82, 1954
32, 83, 1624
32, 84, 2623
32, 85, 3408
32, 86, 5372
32, 87, 3361
32, 88, 5563
32, 89, 6306
32, 90, 3793
33, 34, 1521
33, 35, 402
33, 36, 3953
33, 37, 3331
33, 38, 4090
33, 39, 4550
33, 40, 4585
33, 41, 8494
33, 42, 2813
33, 43, 3717
33, 44, 5348
33, 45, 3453
33, 46, 4492
33, 47, 4002
33, 48, 4981
33, 49, 3119
33, 50, 7758
33, 51, 707
33, 52, 4593
33, 53, 4092
33, 54, 1736
33, 55, 499
33, 56, 4627
33, 57, 3790
33, 58, 7204
33, 59, 5159
33, 60, 4181
33, 61, 7409
33, 62, 753
33, 63, 7444
33, 64, 3224
33, 65, 3302
33, 66, 7627
33, 67, 7942
33, 68, 2915
33, 69, 2915
33, 70, 594
33, 71, 6737
33, 72, 3219
33, 73, 679
33, 74, 6654
33, 75, 4047
33, 76, 816
33, 77, 7917
33, 78, 4384
33, 79, 6152
33, 80, 4081
33, 81, 7282
33, 82, 873
33, 83, 2110
33, 84, 622
33, 85, 3894
33, 86, 7874
33, 87, 3847
33, 88, 6049
33, 89, 5628
33, 90, 4279
34, 35, 1939
34, 36, 2486
34, 37, 1810
34, 38, 2623
34, 39, 3029
34, 40, 3064
34, 41, 6973
34, 42, 1346
34, 43, 2250
34, 44, 3827
34, 45, 2853
34, 46, 3025
34, 47, 2535
34, 48, 3460
34, 49, 2592
34, 50, 6237
34, 51, 1728
34, 52, 3126
34, 53, 2625
34, 54, 215
34, 55, 2036
34, 56, 3160
34, 57, 2323
34, 58, 5128
34, 59, 3638
34, 60, 2714
34, 61, 4923
34, 62, 1209
34, 63, 4889
34, 64, 1757
34, 65, 1835
34, 66, 4706
34, 67, 6421
34, 68, 1448
34, 69, 1448
34, 70, 2131
34, 71, 5216
34, 72, 1752
34, 73, 1700
34, 74, 5133
34, 75, 2580
34, 76, 1837
34, 77, 6396
34, 78, 2917
34, 79, 4685
34, 80, 2614
34, 81, 4943
34, 82, 973
34, 83, 643
34, 84, 1643
34, 85, 2427
34, 86, 6353
34, 87, 2380
34, 88, 4582
34, 89, 5325
34, 90, 2812
35, 36, 4355
35, 37, 3733
35, 38, 4492
35, 39, 4952
35, 40, 4987
35, 41, 8896
35, 42, 3215
35, 43, 4118
35, 44, 5750
35, 45, 3855
35, 46, 4894
35, 47, 4403
35, 48, 5383
35, 49, 3521
35, 50, 8160
35, 51, 615
35, 52, 4995
35, 53, 4494
35, 54, 2138
35, 55, 97
35, 56, 5029
35, 57, 4192
35, 58, 7605
35, 59, 5561
35, 60, 4583
35, 61, 7811
35, 62, 1154
35, 63, 7845
35, 64, 3626
35, 65, 3704
35, 66, 8028
35, 67, 8344
35, 68, 3316
35, 69, 3316
35, 70, 193
35, 71, 7139
35, 72, 3621
35, 73, 476
35, 74, 7056
35, 75, 4449
35, 76, 506
35, 77, 8319
35, 78, 4786
35, 79, 6554
35, 80, 4483
35, 81, 7683
35, 82, 1275
35, 83, 2512
35, 84, 700
35, 85, 4295
35, 86, 8275
35, 87, 4248
35, 88, 6450
35, 89, 6029
35, 90, 4681
36, 37, 2517
36, 38, 137
36, 39, 4156
36, 40, 4191
36, 41, 8986
36, 42, 1429
36, 43, 523
36, 44, 4953
36, 45, 2069
36, 46, 1289
36, 47, 1320
36, 48, 4587
36, 49, 1735
36, 50, 8250
36, 51, 4279
36, 52, 1390
36, 53, 1229
36, 54, 2701
36, 55, 4797
36, 56, 1424
36, 57, 1264
36, 58, 5819
36, 59, 4765
36, 60, 1140
36, 61, 6025
36, 62, 3641
36, 63, 6059
36, 64, 1840
36, 65, 1918
36, 66, 6242
36, 67, 8434
36, 68, 1038
36, 69, 1038
36, 70, 4821
36, 71, 6541
36, 72, 1230
36, 73, 4132
36, 74, 6757
36, 75, 854
36, 76, 4388
36, 77, 8409
36, 78, 1190
36, 79, 4768
36, 80, 923
36, 81, 5897
36, 82, 3405
36, 83, 2277
36, 84, 4193
36, 85, 736
36, 86, 8365
36, 87, 653
36, 88, 4664
36, 89, 7757
36, 90, 1121
37, 38, 2654
37, 39, 1312
37, 40, 1347
37, 41, 5291
37, 42, 1158
37, 43, 2281
37, 44, 2109
37, 45, 1043
37, 46, 3047
37, 47, 2566
37, 48, 1743
37, 49, 783
37, 50, 4556
37, 51, 3538
37, 52, 3148
37, 53, 2656
37, 54, 1595
37, 55, 3845
37, 56, 3182
37, 57, 2354
37, 58, 2859
37, 59, 1921
37, 60, 2745
37, 61, 3064
37, 62, 3019
37, 63, 3099
37, 64, 1788
37, 65, 1866
37, 66, 3024
37, 67, 4740
37, 68, 1479
37, 69, 1479
37, 70, 3941
37, 71, 3535
37, 72, 1783
37, 73, 3510
37, 74, 3451
37, 75, 2611
37, 76, 3647
37, 77, 4715
37, 78, 2948
37, 79, 4716
37, 80, 2680
37, 81, 2937
37, 82, 2783
37, 83, 2225
37, 84, 3452
37, 85, 2493
37, 86, 4671
37, 87, 2411
37, 88, 4613
37, 89, 7135
37, 90, 2879
38, 39, 4293
38, 40, 4328
38, 41, 9122
38, 42, 1566
38, 43, 660
38, 44, 5090
38, 45, 2205
38, 46, 1426
38, 47, 1456
38, 48, 4724
38, 49, 1871
38, 50, 8387
38, 51, 4142
38, 52, 1527
38, 53, 1366
38, 54, 2838
38, 55, 4660
38, 56, 1561
38, 57, 1401
38, 58, 5956
38, 59, 4902
38, 60, 1277
38, 61, 6161
38, 62, 3778
38, 63, 6196
38, 64, 1976
38, 65, 2055
38, 66, 6379
38, 67, 8571
38, 68, 1175
38, 69, 1175
38, 70, 4684
38, 71, 6678
38, 72, 1367
38, 73, 4590
38, 74, 6894
38, 75, 991
38, 76, 4251
38, 77, 8546
38, 78, 1327
38, 79, 4905
38, 80, 1060
38, 81, 6034
38, 82, 3542
38, 83, 2414
38, 84, 4056
38, 85, 872
38, 86, 8502
38, 87, 790
38, 88, 4801
38, 89, 7894
38, 90, 1258
39, 40, 145
39, 41, 4823
39, 42, 2470
39, 43, 3353
39, 44, 907
39, 45, 2354
39, 46, 3315
39, 47, 2824
39, 48, 541
39, 49, 2094
39, 50, 4088
39, 51, 4757
39, 52, 3415
39, 53, 2914
39, 54, 2814
39, 55, 5065
39, 56, 3450
39, 57, 2612
39, 58, 1657
39, 59, 718
39, 60, 3003
39, 61, 1862
39, 62, 4238
39, 63, 1897
39, 64, 2316
39, 65, 2238
39, 66, 2080
39, 67, 4271
39, 68, 3117
39, 69, 3117
39, 70, 5160
39, 71, 2378
39, 72, 2923
39, 73, 4729
39, 74, 2595
39, 75, 3630
39, 76, 4866
39, 77, 4246
39, 78, 3443
39, 79, 3993
39, 80, 3098
39, 81, 1735
39, 82, 4002
39, 83, 3864
39, 84, 4672
39, 85, 3140
39, 86, 4203
39, 87, 3429
39, 88, 3890
39, 89, 8354
39, 90, 3297
40, 41, 4678
40, 42, 2505
40, 43, 3388
40, 44, 763
40, 45, 2390
40, 46, 3350
40, 47, 2859
40, 48, 396
40, 49, 2129
40, 50, 3943
40, 51, 4792
40, 52, 3450
40, 53, 2950
40, 54, 2849
40, 55, 5100
40, 56, 3485
40, 57, 2647
40, 58, 1512
40, 59, 574
40, 60, 3038
40, 61, 1717
40, 62, 4274
40, 63, 1752
40, 64, 2351
40, 65, 2273
40, 66, 1935
40, 67, 4127
40, 68, 3153
40, 69, 3153
40, 70, 5196
40, 71, 2234
40, 72, 2958
40, 73, 4764
40, 74, 2450
40, 75, 3665
40, 76, 4901
40, 77, 4102
40, 78, 3478
40, 79, 3848
40, 80, 3134
40, 81, 1590
40, 82, 4038
40, 83, 3899
40, 84, 4707
40, 85, 3175
40, 86, 4058
40, 87, 3464
40, 88, 3745
40, 89, 8389
40, 90, 3332
41, 42, 6449
41, 43, 8161
41, 44, 4458
41, 45, 6334
41, 46, 8123
41, 47, 7633
41, 48, 4442
41, 49, 6074
41, 50, 633
41, 51, 8701
41, 52, 8224
41, 53, 7723
41, 54, 6758
41, 55, 9008
41, 56, 8258
41, 57, 7421
41, 58, 3166
41, 59, 4270
41, 60, 7812
41, 61, 2961
41, 62, 8182
41, 63, 2926
41, 64, 7125
41, 65, 7047
41, 66, 2743
41, 67, 586
41, 68, 7926
41, 69, 7926
41, 70, 9104
41, 71, 2445
41, 72, 7731
41, 73, 8673
41, 74, 2361
41, 75, 8439
41, 76, 8810
41, 77, 366
41, 78, 8251
41, 79, 6405
41, 80, 7907
41, 81, 3088
41, 82, 7946
41, 83, 8673
41, 84, 8615
41, 85, 7949
41, 86, 518
41, 87, 8238
41, 88, 6301
41, 89, 12298
41, 90, 8105
42, 43, 1192
42, 44, 3267
42, 45, 710
42, 46, 1959
42, 47, 1477
42, 48, 2901
42, 49, 376
42, 50, 5714
42, 51, 3020
42, 52, 2059
42, 53, 1568
42, 54, 1561
42, 55, 3328
42, 56, 2094
42, 57, 1266
42, 58, 4679
42, 59, 3079
42, 60, 1657
42, 61, 4884
42, 62, 2501
42, 63, 4919
42, 64, 699
42, 65, 778
42, 66, 4182
42, 67, 5898
42, 68, 390
42, 69, 390
42, 70, 3423
42, 71, 4693
42, 72, 695
42, 73, 2992
42, 74, 4610
42, 75, 1523
42, 76, 3129
42, 77, 5873
42, 78, 1860
42, 79, 3628
42, 80, 1592
42, 81, 4757
42, 82, 2265
42, 83, 1137
42, 84, 2935
42, 85, 1405
42, 86, 5829
42, 87, 1322
42, 88, 3524
42, 89, 6617
42, 90, 1790
43, 44, 4151
43, 45, 1832
43, 46, 766
43, 47, 796
43, 48, 3784
43, 49, 1498
43, 50, 7447
43, 51, 3924
43, 52, 867
43, 53, 706
43, 54, 2465
43, 55, 4231
43, 56, 901
43, 57, 741
43, 58, 5016
43, 59, 3962
43, 60, 617
43, 61, 5222
43, 62, 3405
43, 63, 5256
43, 64, 1313
43, 65, 1391
43, 66, 5439
43, 67, 7631
43, 68, 802
43, 69, 802
43, 70, 4327
43, 71, 5738
43, 72, 707
43, 73, 3896
43, 74, 5954
43, 75, 331
43, 76, 4032
43, 77, 7606
43, 78, 667
43, 79, 3965
43, 80, 400
43, 81, 5094
43, 82, 3169
43, 83, 2041
43, 84, 3838
43, 85, 213
43, 86, 7562
43, 87, 130
43, 88, 3861
43, 89, 7520
43, 90, 598
44, 45, 3152
44, 46, 4112
44, 47, 3622
44, 48, 526
44, 49, 2892
44, 50, 3723
44, 51, 5555
44, 52, 4213
44, 53, 3712
44, 54, 3612
44, 55, 5862
44, 56, 4247
44, 57, 3410
44, 58, 1292
44, 59, 189
44, 60, 3801
44, 61, 1497
44, 62, 5036
44, 63, 1532
44, 64, 3114
44, 65, 3036
44, 66, 1715
44, 67, 3907
44, 68, 3915
44, 69, 3915
44, 70, 5958
44, 71, 2014
44, 72, 3720
44, 73, 5527
44, 74, 2230
44, 75, 4428
44, 76, 5664
44, 77, 3882
44, 78, 4240
44, 79, 3629
44, 80, 3896
44, 81, 1370
44, 82, 4800
44, 83, 4662
44, 84, 5469
44, 85, 3938
44, 86, 3838
44, 87, 4227
44, 88, 3525
44, 89, 9152
44, 90, 4094
45, 46, 2598
45, 47, 2117
45, 48, 2786
45, 49, 334
45, 50, 5599
45, 51, 3660
45, 52, 2699
45, 53, 2208
45, 54, 2201
45, 55, 3967
45, 56, 2734
45, 57, 1905
45, 58, 3902
45, 59, 2963
45, 60, 2297
45, 61, 4107
45, 62, 3141
45, 63, 4142
45, 64, 1339
45, 65, 1418
45, 66, 4067
45, 67, 5782
45, 68, 1030
45, 69, 1030
45, 70, 4063
45, 71, 4577
45, 72, 1335
45, 73, 3632
45, 74, 4494
45, 75, 2163
45, 76, 3769
45, 77, 5757
45, 78, 2500
45, 79, 4268
45, 80, 2232
45, 81, 3980
45, 82, 2905
45, 83, 1777
45, 84, 3574
45, 85, 2045
45, 86, 5714
45, 87, 1962
45, 88, 4164
45, 89, 7257
45, 90, 2430
46, 47, 643
46, 48, 3746
46, 49, 2264
46, 50, 7409
46, 51, 4699
46, 52, 101
46, 53, 553
46, 54, 3240
46, 55, 5007
46, 56, 135
46, 57, 702
46, 58, 4978
46, 59, 3923
46, 60, 464
46, 61, 5183
46, 62, 4180
46, 63, 5218
46, 64, 1268
46, 65, 1190
46, 66, 5401
46, 67, 7593
46, 68, 1568
46, 69, 1568
46, 70, 5102
46, 71, 5699
46, 72, 1228
46, 73, 4671
46, 74, 5916
46, 75, 1044
46, 76, 4808
46, 77, 7567
46, 78, 856
46, 79, 3927
46, 80, 512
46, 81, 5056
46, 82, 3945
46, 83, 2816
46, 84, 4614
46, 85, 554
46, 86, 7524
46, 87, 843
46, 88, 3823
46, 89, 8296
46, 90, 710
47, 48, 3255
47, 49, 1783
47, 50, 6918
47, 51, 4209
47, 52, 744
47, 53, 90
47, 54, 2750
47, 55, 4516
47, 56, 779
47, 57, 377
47, 58, 4488
47, 59, 3433
47, 60, 179
47, 61, 4693
47, 62, 3690
47, 63, 4727
47, 64, 778
47, 65, 700
47, 66, 4910
47, 67, 7102
47, 68, 1598
47, 69, 1598
47, 70, 4612
47, 71, 5209
47, 72, 1258
47, 73, 4181
47, 74, 5425
47, 75, 1074
47, 76, 4318
47, 77, 7077
47, 78, 886
47, 79, 3436
47, 80, 542
47, 81, 4565
47, 82, 3454
47, 83, 2326
47, 84, 4123
47, 85, 584
47, 86, 7034
47, 87, 873
47, 88, 3333
47, 89, 7805
47, 90, 740
48, 49, 2526
48, 50, 3706
48, 51, 5188
48, 52, 3846
48, 53, 3346
48, 54, 3245
48, 55, 5496
48, 56, 3881
48, 57, 3043
48, 58, 1275
48, 59, 337
48, 60, 3435
48, 61, 1481
48, 62, 4670
48, 63, 1515
48, 64, 2748
48, 65, 2669
48, 66, 1698
48, 67, 3890
48, 68, 3549
48, 69, 3549
48, 70, 5592
48, 71, 1997
48, 72, 3354
48, 73, 5160
48, 74, 2213
48, 75, 4061
48, 76, 5297
48, 77, 3865
48, 78, 3874
48, 79, 3612
48, 80, 3530
48, 81, 1353
48, 82, 4434
48, 83, 4295
48, 84, 5103
48, 85, 3572
48, 86, 3821
48, 87, 3861
48, 88, 3508
48, 89, 8785
48, 90, 3728
49, 50, 5338
49, 51, 3326
49, 52, 2365
49, 53, 1874
49, 54, 1867
49, 55, 3633
49, 56, 2399
49, 57, 1571
49, 58, 3642
49, 59, 2703
49, 60, 1963
49, 61, 3847
49, 62, 2807
49, 63, 3881
49, 64, 1005
49, 65, 1083
49, 66, 3807
49, 67, 5522
49, 68, 696
49, 69, 696
49, 70, 3729
49, 71, 4317
49, 72, 1001
49, 73, 3298
49, 74, 4234
49, 75, 1829
49, 76, 3435
49, 77, 5497
49, 78, 2165
49, 79, 3934
49, 80, 1898
49, 81, 3719
49, 82, 2571
49, 83, 1443
49, 84, 3240
49, 85, 1711
49, 86, 5454
49, 87, 1628
49, 88, 3830
49, 89, 6923
49, 90, 2096
50, 51, 7965
50, 52, 7488
50, 53, 6987
50, 54, 6022
50, 55, 8273
50, 56, 7523
50, 57, 6685
50, 58, 2431
50, 59, 3534
50, 60, 7076
50, 61, 2225
50, 62, 7447
50, 63, 2191
50, 64, 6389
50, 65, 6311
50, 66, 2008
50, 67, 184
50, 68, 7190
50, 72, 6996
50, 75, 7703
50, 69, 7190
50, 73, 7937
50, 71, 1709
50, 70, 8369
50, 74, 1626
50, 76, 8074
50, 77, 267
50, 78, 7516
50, 79, 5669
50, 80, 7171
50, 81, 2353
50, 82, 7211
50, 83, 7937
50, 84, 7880
50, 85, 7213
50, 86, 115
50, 87, 7502
50, 88, 5566
50, 89, 11562
50, 90, 7370
51, 52, 4784
51, 53, 4283
51, 54, 1927
51, 55, 518
51, 56, 4818
51, 57, 3981
51, 58, 7395
51, 59, 5350
51, 60, 4372
51, 61, 7600
51, 62, 604
51, 63, 7635
51, 64, 3415
51, 65, 3493
51, 66, 7818
51, 67, 8133
51, 68, 3106
51, 69, 3106
51, 70, 543
51, 71, 6928
51, 72, 3410
51, 73, 498
51, 74, 6845
51, 75, 4239
51, 76, 109
51, 77, 8108
51, 78, 4575
51, 79, 6344
51, 80, 4272
51, 81, 7473
51, 82, 840
51, 83, 2301
51, 84, 85
51, 85, 4085
51, 86, 8065
51, 87, 4038
51, 88, 6240
51, 89, 5819
51, 90, 4471
52, 53, 654
52, 54, 3341
52, 55, 5107
52, 56, 61
52, 57, 803
52, 58, 5079
52, 59, 4024
52, 60, 565
52, 61, 5284
52, 62, 4281
52, 63, 5319
52, 64, 1369
52, 65, 1291
52, 66, 5502
52, 67, 7693
52, 68, 1669
52, 69, 1669
52, 70, 5203
52, 71, 5800
52, 72, 1329
52, 73, 4772
52, 74, 6017
52, 75, 1144
52, 76, 4909
52, 77, 7668
52, 78, 957
52, 79, 4027
52, 80, 612
52, 81, 5156
52, 82, 4045
52, 83, 2917
52, 84, 4714
52, 85, 654
52, 86, 7625
52, 87, 943
52, 88, 3924
52, 89, 8397
52, 90, 811
53, 54, 2840
53, 55, 4607
53, 56, 688
53, 57, 468
53, 58, 4578
53, 59, 3523
53, 60, 89
53, 61, 4783
53, 62, 3780
53, 63, 4818
53, 64, 868
53, 65, 790
53, 66, 5001
53, 67, 7193
53, 68, 1508
53, 69, 1508
53, 70, 4702
53, 71, 5299
53, 72, 1168
53, 73, 4271
53, 74, 5516
53, 75, 983
53, 76, 4408
53, 77, 7167
53, 78, 796
53, 79, 3527
53, 80, 452
53, 81, 4656
53, 82, 3544
53, 83, 2416
53, 84, 4214
53, 85, 493
53, 86, 7124
53, 87, 783
53, 88, 3423
53, 89, 7896
53, 90, 650
54, 55, 2251
54, 56, 3375
54, 57, 2538
54, 58, 4913
54, 59, 3423
54, 60, 2929
54, 61, 4708
54, 62, 1424
54, 63, 4673
54, 64, 1972
54, 65, 2050
54, 66, 4490
54, 67, 6206
54, 68, 1663
54, 69, 1663
54, 70, 2346
54, 71, 5001
54, 72, 1967
54, 73, 1915
54, 74, 4918
54, 75, 2796
54, 76, 2052
54, 77, 6181
54, 78, 3173
54, 79, 4901
54, 80, 2829
54, 81, 4728
54, 82, 1189
54, 83, 858
54, 84, 1858
54, 85, 2642
54, 86, 6137
54, 87, 2595
54, 88, 4797
54, 89, 5540
54, 90, 3028
55, 56, 5126
55, 57, 4289
55, 58, 7703
55, 59, 5658
55, 60, 4680
55, 61, 7908
55, 62, 1251
55, 63, 7942
55, 64, 3723
55, 65, 3801
55, 66, 8125
55, 67, 8441
55, 68, 3414
55, 69, 3414
55, 70, 96
55, 71, 7236
55, 72, 3718
55, 73, 379
55, 74, 7153
55, 75, 4546
55, 76, 409
55, 77, 8416
55, 78, 4883
55, 79, 6651
55, 80, 4580
55, 81, 7780
55, 82, 1372
55, 83, 2609
55, 84, 603
55, 85, 4393
55, 86, 8373
55, 87, 4346
55, 88, 6548
55, 89, 6126
55, 90, 4778
56, 57, 864
56, 58, 5139
56, 59, 4085
56, 60, 625
56, 61, 5345
56, 62, 4342
56, 63, 5379
56, 64, 1430
56, 65, 1352
56, 66, 5562
56, 67, 7754
56, 68, 1730
56, 69, 1730
56, 70, 5264
56, 71, 5861
56, 72, 1390
56, 73, 4832
56, 74, 6077
56, 75, 1205
56, 76, 4969
56, 77, 7729
56, 78, 1018
56, 79, 4088
56, 80, 673
56, 81, 5217
56, 82, 4106
56, 83, 2978
56, 84, 4775
56, 85, 715
56, 86, 7685
56, 87, 1004
56, 88, 3984
56, 89, 8457
56, 90, 872
57, 58, 4276
57, 59, 3221
57, 60, 557
57, 61, 4481
57, 62, 3478
57, 63, 4516
57, 64, 566
57, 65, 488
57, 66, 4699
57, 67, 6890
57, 68, 1543
57, 69, 1543
57, 70, 4400
57, 71, 4997
57, 72, 1203
57, 73, 3969
57, 74, 5214
57, 75, 1018
57, 76, 4106
57, 77, 6865
57, 78, 831
57, 79, 3224
57, 80, 486
57, 81, 4354
57, 82, 3242
57, 83, 2114
57, 84, 3911
57, 85, 528
57, 86, 6822
57, 87, 817
57, 88, 3121
57, 89, 7594
57, 90, 685
58, 59, 1104
58, 60, 4646
58, 61, 205
58, 62, 6871
58, 63, 240
58, 64, 3959
58, 65, 3880
58, 66, 423
58, 67, 2615
58, 68, 4760
58, 69, 4760
58, 70, 7793
58, 71, 721
58, 72, 4565
58, 73, 7361
58, 74, 938
58, 75, 5273
58, 76, 7498
58, 77, 2589
58, 78, 5085
58, 79, 3239
58, 80, 4741
58, 81, 78
58, 82, 6635
58, 83, 5506
58, 84, 7304
58, 85, 4783
58, 86, 2546
58, 87, 5072
58, 88, 3135
58, 89, 10986
58, 90, 4939
59, 60, 3612
59, 61, 1309
59, 62, 4847
59, 63, 1343
59, 64, 2925
59, 65, 2847
59, 66, 1526
59, 67, 3718
59, 68, 3726
59, 69, 3726
59, 70, 5769
59, 71, 1825
59, 72, 3532
59, 73, 5338
59, 74, 2041
59, 75, 4239
59, 76, 5475
59, 77, 3693
59, 78, 4052
59, 79, 3440
59, 80, 3707
59, 81, 1181
59, 82, 4611
59, 83, 4473
59, 84, 5281
59, 85, 3749
59, 86, 3650
59, 87, 4038
59, 88, 3336
59, 89, 8963
59, 90, 3906
60, 61, 4872
60, 62, 3869
60, 63, 4907
60, 64, 957
60, 65, 879
60, 66, 5090
60, 67, 7281
60, 68, 1419
60, 69, 1419
60, 70, 4791
60, 71, 5388
60, 72, 1079
60, 73, 4360
60, 74, 5605
60, 75, 894
60, 76, 4497
60, 77, 7256
60, 78, 707
60, 79, 3616
60, 80, 363
60, 81, 4745
60, 82, 3633
60, 83, 2505
60, 84, 4303
60, 85, 405
60, 86, 7213
60, 87, 694
60, 88, 3512
60, 89, 7985
60, 90, 561
61, 62, 7076
61, 63, 35
61, 64, 4164
61, 65, 4086
61, 66, 218
61, 67, 2409
61, 68, 4965
61, 69, 4965
61, 70, 7998
61, 71, 516
61, 72, 4770
61, 73, 7567
61, 74, 733
61, 75, 5478
61, 76, 7704
61, 77, 2384
61, 78, 5290
61, 79, 3444
61, 80, 4946
61, 81, 127
61, 82, 6840
61, 83, 5712
61, 84, 7509
61, 85, 4988
61, 86, 2341
61, 87, 5277
61, 88, 3340
61, 89, 11191
61, 90, 5144
62, 63, 7116
62, 64, 2896
62, 65, 2975
62, 66, 7299
62, 67, 7615
62, 68, 2587
62, 69, 2587
62, 70, 1347
62, 71, 6410
62, 72, 2892
62, 73, 665
62, 74, 6327
62, 75, 3720
62, 76, 713
62, 77, 7590
62, 78, 4057
62, 79, 5825
62, 80, 3753
62, 81, 6954
62, 82, 236
62, 83, 1782
62, 84, 518
62, 85, 3566
62, 86, 7546
62, 87, 3519
62, 88, 5721
62, 89, 5300
62, 90, 3952
63, 64, 4199
63, 65, 4120
63, 66, 183
63, 67, 2375
63, 68, 5000
63, 69, 5000
63, 70, 8033
63, 71, 482
63, 72, 4805
63, 73, 7601
63, 74, 698
63, 75, 5512
63, 76, 7738
63, 77, 2349
63, 78, 5325
63, 79, 3478
63, 80, 4981
63, 81, 162
63, 82, 6875
63, 83, 5746
63, 84, 7544
63, 85, 5023
63, 86, 2306
63, 87, 5312
63, 88, 3375
63, 89, 11226
63, 90, 5179
64, 65, 78
64, 66, 4403
64, 67, 6594
64, 68, 801
64, 69, 801
64, 70, 3834
64, 71, 4701
64, 72, 607
64, 73, 3403
64, 74, 4918
64, 75, 1584
64, 76, 3540
64, 77, 6569
64, 78, 1397
64, 79, 2929
64, 80, 1052
64, 81, 4058
64, 82, 2676
64, 83, 1548
64, 84, 3345
64, 85, 1094
64, 86, 6526
64, 87, 1383
64, 88, 2825
64, 89, 7028
64, 90, 1251
65, 66, 4325
65, 67, 6516
65, 68, 879
65, 69, 879
65, 70, 3912
65, 71, 4623
65, 72, 685
65, 73, 3481
65, 74, 4839
65, 75, 1506
65, 76, 3618
65, 77, 6491
65, 78, 1318
65, 79, 2850
65, 80, 974
65, 81, 3979
65, 82, 2754
65, 83, 1626
65, 84, 3424
65, 85, 1016
65, 86, 6448
65, 87, 1305
65, 88, 2747
65, 89, 7106
65, 90, 1172
66, 67, 2192
66, 68, 5183
66, 69, 5183
66, 70, 8216
66, 71, 299
66, 72, 4988
66, 73, 7784
66, 74, 515
66, 75, 5695
66, 76, 7921
66, 77, 2166
66, 78, 5508
66, 79, 3661
66, 80, 5164
66, 81, 345
66, 82, 7058
66, 83, 5929
66, 84, 7727
66, 85, 5206
66, 86, 2123
66, 87, 5495
66, 88, 3558
66, 89, 11409
66, 90, 5362
67, 68, 7374
67, 69, 7374
67, 70, 8553
67, 71, 1893
67, 72, 7180
67, 73, 8121
67, 74, 1810
67, 75, 7887
67, 76, 8258
67, 77, 220
67, 78, 7700
67, 79, 5853
67, 80, 7355
67, 81, 2537
67, 82, 7395
67, 83, 8121
67, 84, 8064
67, 85, 7397
67, 86, 69
67, 87, 7686
67, 88, 5749
67, 89, 11746
67, 90, 7554
68, 69, 0
68, 70, 3525
68, 71, 5502
68, 72, 797
68, 73, 3094
68, 74, 5719
68, 75, 1133
68, 76, 3231
68, 77, 7370
68, 78, 1469
68, 79, 3730
68, 80, 1202
68, 81, 4859
68, 82, 2367
68, 83, 1239
68, 84, 3036
68, 85, 1014
68, 86, 7327
68, 87, 932
68, 88, 3626
68, 89, 6718
68, 90, 1400
69, 70, 3525
69, 71, 5502
69, 72, 797
69, 73, 3094
69, 74, 5719
69, 75, 1133
69, 76, 3231
69, 77, 7370
69, 78, 1469
69, 79, 3730
69, 80, 1202
69, 81, 4859
69, 82, 2367
69, 83, 1239
69, 84, 3036
69, 85, 1014
69, 86, 7327
69, 87, 932
69, 88, 3626
69, 89, 6718
69, 90, 1400
70, 71, 7332
70, 72, 3814
70, 73, 404
70, 74, 7249
70, 75, 4642
70, 76, 434
70, 77, 8512
70, 78, 4979
70, 79, 6747
70, 80, 4675
70, 81, 7876
70, 82, 1468
70, 83, 2704
70, 84, 628
70, 85, 4488
70, 86, 8468
70, 87, 4441
70, 88, 6643
70, 89, 6222
70, 90, 4874
71, 72, 5287
71, 73, 8083
71, 74, 216
71, 75, 5994
71, 76, 8220
71, 77, 1868
71, 78, 5807
71, 79, 3960
71, 80, 5462
71, 81, 644
71, 82, 7356
71, 83, 6228
71, 84, 8025
71, 85, 5504
71, 86, 1825
71, 87, 5793
71, 88, 3856
71, 89, 11708
71, 90, 5661
72, 73, 3398
72, 74, 5524
72, 75, 984
72, 76, 3535
72, 77, 7176
72, 78, 1206
72, 79, 3535
72, 80, 862
72, 81, 4664
72, 82, 2672
72, 83, 1543
72, 84, 3341
72, 85, 674
72, 86, 7132
72, 88, 3431
72, 90, 1060
73, 74, 6817
72, 87, 783
72, 89, 7023
73, 75, 4211
73, 76, 389
73, 77, 8080
73, 78, 4547
73, 79, 6316
73, 80, 4244
73, 81, 7445
73, 82, 1036
73, 83, 2273
73, 84, 583
73, 85, 4057
73, 86, 8037
73, 87, 4010
73, 88, 6212
73, 89, 5791
73, 90, 4443
74, 75, 6210
74, 76, 6970
74, 77, 1785
74, 78, 6023
74, 79, 4176
74, 80, 5679
74, 81, 860
74, 82, 6106
74, 83, 6444
74, 84, 6775
74, 85, 5721
74, 86, 1741
74, 87, 6010
74, 88, 4073
74, 89, 10458
74, 90, 5877
75, 76, 4363
75, 77, 7883
75, 78, 337
75, 79, 4242
75, 80, 681
75, 81, 5371
75, 82, 3500
75, 83, 2371
75, 84, 4169
75, 85, 490
75, 86, 7840
75, 87, 201
75, 88, 4139
75, 89, 7851
75, 90, 483
76, 77, 8217
76, 78, 4684
76, 79, 6452
76, 80, 4381
76, 81, 7582
76, 82, 948
76, 83, 2410
76, 84, 194
76, 85, 4194
76, 86, 8174
76, 87, 4147
76, 88, 6349
76, 89, 5928
76, 90, 4579
77, 78, 7675
77, 79, 5828
77, 80, 7330
77, 81, 2512
77, 82, 7369
77, 83, 8096
77, 84, 8039
77, 85, 7372
77, 86, 151
77, 87, 7661
77, 88, 5724
77, 89, 11721
77, 90, 7529
78, 79, 4055
78, 80, 344
78, 81, 5184
78, 82, 3878
78, 83, 2749
78, 84, 4547
78, 85, 532
78, 86, 7652
78, 87, 537
78, 88, 3951
78, 89, 8229
78, 90, 146
79, 80, 3711
79, 81, 3314
79, 82, 5605
79, 83, 4476
79, 84, 6274
79, 85, 3753
79, 86, 5782
79, 87, 4042
79, 88, 104
79, 89, 9956
79, 90, 3909
80, 81, 4840
80, 82, 3533
80, 83, 2405
80, 84, 4202
80, 85, 187
80, 86, 7308
80, 87, 882
80, 88, 3607
80, 89, 7885
80, 90, 198
81, 82, 6713
81, 83, 5584
81, 84, 7382
81, 85, 4860
81, 86, 2468
81, 87, 5149
81, 88, 3213
81, 89, 11064
81, 90, 5017
82, 83, 1546
82, 84, 979
82, 85, 3330
82, 86, 7310
82, 87, 3283
82, 88, 5485
82, 89, 5064
82, 90, 3716
83, 84, 2231
83, 85, 2218
83, 86, 6995
83, 87, 2171
83, 88, 4373
83, 89, 5914
83, 90, 2603
84, 85, 3999
84, 86, 7979
84, 87, 3952
84, 88, 6154
84, 89, 5733
84, 90, 4385
85, 86, 7350
85, 87, 289
85, 88, 3649
85, 89, 7697
85, 90, 386
86, 87, 7618
86, 88, 5681
86, 89, 11677
86, 90, 7485
87, 88, 3938
87, 89, 7650
87, 90, 683
88, 89, 9852
88, 90, 3805
89, 90, 8083
